#변수
shared_held <- c(164971360, 79208450, 4508345)
weight <- c(6, 5, 3)
